
<(0,0) (1,1)>   0
<(0,1) (1,2)>   1
<(0,2) (1,3)>   2
<(0,3) (1,4)>   3
<(0,4) (1,5)>   4
<(0,5) (1,6)>   5
<(0,6) (1,7)>   6
<(0,7) (1,8)>   7
<(0,8) (1,9)>   8
<(0,9) (1,10)>   9
<(0,10) (1,11)>   10
<(0,11) (1,12)>   11
<(0,12) (1,13)>   12
<(0,13) (1,14)>   13
<(0,14) (1,15)>   14
<(0,15) (1,16)>   15
<(0,16) (1,17)>   16
<(0,17) (1,18)>   17
<(0,18) (1,19)>   18
<(0,19) (1,20)>   19
<(0,20) (1,21)>   20
<(0,21) (1,22)>   21
<(0,22) (1,23)>   22
<(0,23) (1,24)>   23
<(0,24) (1,25)>   24
<(0,25) (1,26)>   25
<(0,26) (1,27)>   26
<(0,27) (1,28)>   27
<(0,28) (1,29)>   28
<(0,29) (1,30)>   29
<(0,30) (1,31)>   30
<(0,31) (1,32)>   31
<(0,32) (1,33)>   32
<(0,33) (1,34)>   33
<(0,34) (1,35)>   34
<(0,35) (1,36)>   35
<(1,0) (0,36)>   36

<(2,0) (3,1)>   37
<(2,1) (3,2)>   38
<(2,2) (3,3)>   39
<(2,3) (3,4)>   40
<(2,4) (3,5)>   41
<(2,5) (3,6)>   42
<(2,6) (3,7)>   43
<(2,7) (3,8)>   44
<(2,8) (3,9)>   45
<(2,9) (3,10)>   46
<(2,10) (3,11)>   47
<(2,11) (3,12)>   48
<(2,12) (3,13)>   49
<(2,13) (3,14)>   50
<(2,14) (3,15)>   51
<(2,15) (3,16)>   52
<(2,16) (3,17)>   53
<(2,17) (3,18)>   54
<(2,18) (3,19)>   55
<(2,19) (3,20)>   56
<(2,20) (3,21)>   57
<(2,21) (3,22)>   58
<(2,22) (3,23)>   59
<(2,23) (3,24)>   60
<(2,24) (3,25)>   61
<(2,25) (3,26)>   62
<(2,26) (3,27)>   63
<(2,27) (3,28)>   64
<(2,28) (3,29)>   65
<(2,29) (3,30)>   66
<(2,30) (3,31)>   67
<(2,31) (3,32)>   68
<(2,32) (3,33)>   69
<(2,33) (3,34)>   70
<(2,34) (3,35)>   71
<(2,35) (3,36)>   72
<(3,0) (2,36)>   73

<(4,0) (5,1)>   74
<(4,1) (5,2)>   75
<(4,2) (5,3)>   76
<(4,3) (5,4)>   77
<(4,4) (5,5)>   78
<(4,5) (5,6)>   79
<(4,6) (5,7)>   80
<(4,7) (5,8)>   81
<(4,8) (5,9)>   82
<(4,9) (5,10)>   83
<(4,10) (5,11)>   84
<(4,11) (5,12)>   85
<(4,12) (5,13)>   86
<(4,13) (5,14)>   87
<(4,14) (5,15)>   88
<(4,15) (5,16)>   89
<(4,16) (5,17)>   90
<(4,17) (5,18)>   91
<(4,18) (5,19)>   92
<(4,19) (5,20)>   93
<(4,20) (5,21)>   94
<(4,21) (5,22)>   95
<(4,22) (5,23)>   96
<(4,23) (5,24)>   97
<(4,24) (5,25)>   98
<(4,25) (5,26)>   99
<(4,26) (5,27)>   100
<(4,27) (5,28)>   101
<(4,28) (5,29)>   102
<(4,29) (5,30)>   103
<(4,30) (5,31)>   104
<(4,31) (5,32)>   105
<(4,32) (5,33)>   106
<(4,33) (5,34)>   107
<(4,34) (5,35)>   108
<(4,35) (5,36)>   109
<(5,0) (4,36)>   110

<(6,0) (7,1)>   111
<(6,1) (7,2)>   112
<(6,2) (7,3)>   113
<(6,3) (7,4)>   114
<(6,4) (7,5)>   115
<(6,5) (7,6)>   116
<(6,6) (7,7)>   117
<(6,7) (7,8)>   118
<(6,8) (7,9)>   119
<(6,9) (7,10)>   120
<(6,10) (7,11)>   121
<(6,11) (7,12)>   122
<(6,12) (7,13)>   123
<(6,13) (7,14)>   124
<(6,14) (7,15)>   125
<(6,15) (7,16)>   126
<(6,16) (7,17)>   127
<(6,17) (7,18)>   128
<(6,18) (7,19)>   129
<(6,19) (7,20)>   130
<(6,20) (7,21)>   131
<(6,21) (7,22)>   132
<(6,22) (7,23)>   133
<(6,23) (7,24)>   134
<(6,24) (7,25)>   135
<(6,25) (7,26)>   136
<(6,26) (7,27)>   137
<(6,27) (7,28)>   138
<(6,28) (7,29)>   139
<(6,29) (7,30)>   140
<(6,30) (7,31)>   141
<(6,31) (7,32)>   142
<(6,32) (7,33)>   143
<(6,33) (7,34)>   144
<(6,34) (7,35)>   145
<(6,35) (7,36)>   146
<(7,0) (6,36)>   147

<(8,0) (9,1)>   148
<(8,1) (9,2)>   149
<(8,2) (9,3)>   150
<(8,3) (9,4)>   151
<(8,4) (9,5)>   152
<(8,5) (9,6)>   153
<(8,6) (9,7)>   154
<(8,7) (9,8)>   155
<(8,8) (9,9)>   156
<(8,9) (9,10)>   157
<(8,10) (9,11)>   158
<(8,11) (9,12)>   159
<(8,12) (9,13)>   160
<(8,13) (9,14)>   161
<(8,14) (9,15)>   162
<(8,15) (9,16)>   163
<(8,16) (9,17)>   164
<(8,17) (9,18)>   165
<(8,18) (9,19)>   166
<(8,19) (9,20)>   167
<(8,20) (9,21)>   168
<(8,21) (9,22)>   169
<(8,22) (9,23)>   170
<(8,23) (9,24)>   171
<(8,24) (9,25)>   172
<(8,25) (9,26)>   173
<(8,26) (9,27)>   174
<(8,27) (9,28)>   175
<(8,28) (9,29)>   176
<(8,29) (9,30)>   177
<(8,30) (9,31)>   178
<(8,31) (9,32)>   179
<(8,32) (9,33)>   180
<(8,33) (9,34)>   181
<(8,34) (9,35)>   182
<(8,35) (9,36)>   183
<(9,0) (8,36)>   184

<(10,0) (11,1)>   185
<(10,1) (11,2)>   186
<(10,2) (11,3)>   187
<(10,3) (11,4)>   188
<(10,4) (11,5)>   189
<(10,5) (11,6)>   190
<(10,6) (11,7)>   191
<(10,7) (11,8)>   192
<(10,8) (11,9)>   193
<(10,9) (11,10)>   194
<(10,10) (11,11)>   195
<(10,11) (11,12)>   196
<(10,12) (11,13)>   197
<(10,13) (11,14)>   198
<(10,14) (11,15)>   199
<(10,15) (11,16)>   200
<(10,16) (11,17)>   201
<(10,17) (11,18)>   202
<(10,18) (11,19)>   203
<(10,19) (11,20)>   204
<(10,20) (11,21)>   205
<(10,21) (11,22)>   206
<(10,22) (11,23)>   207
<(10,23) (11,24)>   208
<(10,24) (11,25)>   209
<(10,25) (11,26)>   210
<(10,26) (11,27)>   211
<(10,27) (11,28)>   212
<(10,28) (11,29)>   213
<(10,29) (11,30)>   214
<(10,30) (11,31)>   215
<(10,31) (11,32)>   216
<(10,32) (11,33)>   217
<(10,33) (11,34)>   218
<(10,34) (11,35)>   219
<(10,35) (11,36)>   220
<(11,0) (10,36)>   221

<(12,0) (13,1)>   222
<(12,1) (13,2)>   223
<(12,2) (13,3)>   224
<(12,3) (13,4)>   225
<(12,4) (13,5)>   226
<(12,5) (13,6)>   227
<(12,6) (13,7)>   228
<(12,7) (13,8)>   229
<(12,8) (13,9)>   230
<(12,9) (13,10)>   231
<(12,10) (13,11)>   232
<(12,11) (13,12)>   233
<(12,12) (13,13)>   234
<(12,13) (13,14)>   235
<(12,14) (13,15)>   236
<(12,15) (13,16)>   237
<(12,16) (13,17)>   238
<(12,17) (13,18)>   239
<(12,18) (13,19)>   240
<(12,19) (13,20)>   241
<(12,20) (13,21)>   242
<(12,21) (13,22)>   243
<(12,22) (13,23)>   244
<(12,23) (13,24)>   245
<(12,24) (13,25)>   246
<(12,25) (13,26)>   247
<(12,26) (13,27)>   248
<(12,27) (13,28)>   249
<(12,28) (13,29)>   250
<(12,29) (13,30)>   251
<(12,30) (13,31)>   252
<(12,31) (13,32)>   253
<(12,32) (13,33)>   254
<(12,33) (13,34)>   255
<(12,34) (13,35)>   256
<(12,35) (13,36)>   257
<(13,0) (12,36)>   258

<(14,0) (15,1)>   259
<(14,1) (15,2)>   260
<(14,2) (15,3)>   261
<(14,3) (15,4)>   262
<(14,4) (15,5)>   263
<(14,5) (15,6)>   264
<(14,6) (15,7)>   265
<(14,7) (15,8)>   266
<(14,8) (15,9)>   267
<(14,9) (15,10)>   268
<(14,10) (15,11)>   269
<(14,11) (15,12)>   270
<(14,12) (15,13)>   271
<(14,13) (15,14)>   272
<(14,14) (15,15)>   273
<(14,15) (15,16)>   274
<(14,16) (15,17)>   275
<(14,17) (15,18)>   276
<(14,18) (15,19)>   277
<(14,19) (15,20)>   278
<(14,20) (15,21)>   279
<(14,21) (15,22)>   280
<(14,22) (15,23)>   281
<(14,23) (15,24)>   282
<(14,24) (15,25)>   283
<(14,25) (15,26)>   284
<(14,26) (15,27)>   285
<(14,27) (15,28)>   286
<(14,28) (15,29)>   287
<(14,29) (15,30)>   288
<(14,30) (15,31)>   289
<(14,31) (15,32)>   290
<(14,32) (15,33)>   291
<(14,33) (15,34)>   292
<(14,34) (15,35)>   293
<(14,35) (15,36)>   294
<(15,0) (14,36)>   295

<(16,0) (17,1)>   296
<(16,1) (17,2)>   297
<(16,2) (17,3)>   298
<(16,3) (17,4)>   299
<(16,4) (17,5)>   300
<(16,5) (17,6)>   301
<(16,6) (17,7)>   302
<(16,7) (17,8)>   303
<(16,8) (17,9)>   304
<(16,9) (17,10)>   305
<(16,10) (17,11)>   306
<(16,11) (17,12)>   307
<(16,12) (17,13)>   308
<(16,13) (17,14)>   309
<(16,14) (17,15)>   310
<(16,15) (17,16)>   311
<(16,16) (17,17)>   312
<(16,17) (17,18)>   313
<(16,18) (17,19)>   314
<(16,19) (17,20)>   315
<(16,20) (17,21)>   316
<(16,21) (17,22)>   317
<(16,22) (17,23)>   318
<(16,23) (17,24)>   319
<(16,24) (17,25)>   320
<(16,25) (17,26)>   321
<(16,26) (17,27)>   322
<(16,27) (17,28)>   323
<(16,28) (17,29)>   324
<(16,29) (17,30)>   325
<(16,30) (17,31)>   326
<(16,31) (17,32)>   327
<(16,32) (17,33)>   328
<(16,33) (17,34)>   329
<(16,34) (17,35)>   330
<(16,35) (17,36)>   331
<(17,0) (16,36)>   332

<(18,0) (19,1)>   333
<(18,1) (19,2)>   334
<(18,2) (19,3)>   335
<(18,3) (19,4)>   336
<(18,4) (19,5)>   337
<(18,5) (19,6)>   338
<(18,6) (19,7)>   339
<(18,7) (19,8)>   340
<(18,8) (19,9)>   341
<(18,9) (19,10)>   342
<(18,10) (19,11)>   343
<(18,11) (19,12)>   344
<(18,12) (19,13)>   345
<(18,13) (19,14)>   346
<(18,14) (19,15)>   347
<(18,15) (19,16)>   348
<(18,16) (19,17)>   349
<(18,17) (19,18)>   350
<(18,18) (19,19)>   351
<(18,19) (19,20)>   352
<(18,20) (19,21)>   353
<(18,21) (19,22)>   354
<(18,22) (19,23)>   355
<(18,23) (19,24)>   356
<(18,24) (19,25)>   357
<(18,25) (19,26)>   358
<(18,26) (19,27)>   359
<(18,27) (19,28)>   360
<(18,28) (19,29)>   361
<(18,29) (19,30)>   362
<(18,30) (19,31)>   363
<(18,31) (19,32)>   364
<(18,32) (19,33)>   365
<(18,33) (19,34)>   366
<(18,34) (19,35)>   367
<(18,35) (19,36)>   368
<(19,0) (18,36)>   369

<(20,0) (21,1)>   370
<(20,1) (21,2)>   371
<(20,2) (21,3)>   372
<(20,3) (21,4)>   373
<(20,4) (21,5)>   374
<(20,5) (21,6)>   375
<(20,6) (21,7)>   376
<(20,7) (21,8)>   377
<(20,8) (21,9)>   378
<(20,9) (21,10)>   379
<(20,10) (21,11)>   380
<(20,11) (21,12)>   381
<(20,12) (21,13)>   382
<(20,13) (21,14)>   383
<(20,14) (21,15)>   384
<(20,15) (21,16)>   385
<(20,16) (21,17)>   386
<(20,17) (21,18)>   387
<(20,18) (21,19)>   388
<(20,19) (21,20)>   389
<(20,20) (21,21)>   390
<(20,21) (21,22)>   391
<(20,22) (21,23)>   392
<(20,23) (21,24)>   393
<(20,24) (21,25)>   394
<(20,25) (21,26)>   395
<(20,26) (21,27)>   396
<(20,27) (21,28)>   397
<(20,28) (21,29)>   398
<(20,29) (21,30)>   399
<(20,30) (21,31)>   400
<(20,31) (21,32)>   401
<(20,32) (21,33)>   402
<(20,33) (21,34)>   403
<(20,34) (21,35)>   404
<(20,35) (21,36)>   405
<(21,0) (20,36)>   406

<(22,0) (23,1)>   407
<(22,1) (23,2)>   408
<(22,2) (23,3)>   409
<(22,3) (23,4)>   410
<(22,4) (23,5)>   411
<(22,5) (23,6)>   412
<(22,6) (23,7)>   413
<(22,7) (23,8)>   414
<(22,8) (23,9)>   415
<(22,9) (23,10)>   416
<(22,10) (23,11)>   417
<(22,11) (23,12)>   418
<(22,12) (23,13)>   419
<(22,13) (23,14)>   420
<(22,14) (23,15)>   421
<(22,15) (23,16)>   422
<(22,16) (23,17)>   423
<(22,17) (23,18)>   424
<(22,18) (23,19)>   425
<(22,19) (23,20)>   426
<(22,20) (23,21)>   427
<(22,21) (23,22)>   428
<(22,22) (23,23)>   429
<(22,23) (23,24)>   430
<(22,24) (23,25)>   431
<(22,25) (23,26)>   432
<(22,26) (23,27)>   433
<(22,27) (23,28)>   434
<(22,28) (23,29)>   435
<(22,29) (23,30)>   436
<(22,30) (23,31)>   437
<(22,31) (23,32)>   438
<(22,32) (23,33)>   439
<(22,33) (23,34)>   440
<(22,34) (23,35)>   441
<(22,35) (23,36)>   442
<(23,0) (22,36)>   443

<(24,0) (25,1)>   444
<(24,1) (25,2)>   445
<(24,2) (25,3)>   446
<(24,3) (25,4)>   447
<(24,4) (25,5)>   448
<(24,5) (25,6)>   449
<(24,6) (25,7)>   450
<(24,7) (25,8)>   451
<(24,8) (25,9)>   452
<(24,9) (25,10)>   453
<(24,10) (25,11)>   454
<(24,11) (25,12)>   455
<(24,12) (25,13)>   456
<(24,13) (25,14)>   457
<(24,14) (25,15)>   458
<(24,15) (25,16)>   459
<(24,16) (25,17)>   460
<(24,17) (25,18)>   461
<(24,18) (25,19)>   462
<(24,19) (25,20)>   463
<(24,20) (25,21)>   464
<(24,21) (25,22)>   465
<(24,22) (25,23)>   466
<(24,23) (25,24)>   467
<(24,24) (25,25)>   468
<(24,25) (25,26)>   469
<(24,26) (25,27)>   470
<(24,27) (25,28)>   471
<(24,28) (25,29)>   472
<(24,29) (25,30)>   473
<(24,30) (25,31)>   474
<(24,31) (25,32)>   475
<(24,32) (25,33)>   476
<(24,33) (25,34)>   477
<(24,34) (25,35)>   478
<(24,35) (25,36)>   479
<(25,0) (24,36)>   480

<(26,0) (27,1)>   481
<(26,1) (27,2)>   482
<(26,2) (27,3)>   483
<(26,3) (27,4)>   484
<(26,4) (27,5)>   485
<(26,5) (27,6)>   486
<(26,6) (27,7)>   487
<(26,7) (27,8)>   488
<(26,8) (27,9)>   489
<(26,9) (27,10)>   490
<(26,10) (27,11)>   491
<(26,11) (27,12)>   492
<(26,12) (27,13)>   493
<(26,13) (27,14)>   494
<(26,14) (27,15)>   495
<(26,15) (27,16)>   496
<(26,16) (27,17)>   497
<(26,17) (27,18)>   498
<(26,18) (27,19)>   499
<(26,19) (27,20)>   500
<(26,20) (27,21)>   501
<(26,21) (27,22)>   502
<(26,22) (27,23)>   503
<(26,23) (27,24)>   504
<(26,24) (27,25)>   505
<(26,25) (27,26)>   506
<(26,26) (27,27)>   507
<(26,27) (27,28)>   508
<(26,28) (27,29)>   509
<(26,29) (27,30)>   510
<(26,30) (27,31)>   511
<(26,31) (27,32)>   512
<(26,32) (27,33)>   513
<(26,33) (27,34)>   514
<(26,34) (27,35)>   515
<(26,35) (27,36)>   516
<(27,0) (26,36)>   517

<(28,0) (29,1)>   518
<(28,1) (29,2)>   519
<(28,2) (29,3)>   520
<(28,3) (29,4)>   521
<(28,4) (29,5)>   522
<(28,5) (29,6)>   523
<(28,6) (29,7)>   524
<(28,7) (29,8)>   525
<(28,8) (29,9)>   526
<(28,9) (29,10)>   527
<(28,10) (29,11)>   528
<(28,11) (29,12)>   529
<(28,12) (29,13)>   530
<(28,13) (29,14)>   531
<(28,14) (29,15)>   532
<(28,15) (29,16)>   533
<(28,16) (29,17)>   534
<(28,17) (29,18)>   535
<(28,18) (29,19)>   536
<(28,19) (29,20)>   537
<(28,20) (29,21)>   538
<(28,21) (29,22)>   539
<(28,22) (29,23)>   540
<(28,23) (29,24)>   541
<(28,24) (29,25)>   542
<(28,25) (29,26)>   543
<(28,26) (29,27)>   544
<(28,27) (29,28)>   545
<(28,28) (29,29)>   546
<(28,29) (29,30)>   547
<(28,30) (29,31)>   548
<(28,31) (29,32)>   549
<(28,32) (29,33)>   550
<(28,33) (29,34)>   551
<(28,34) (29,35)>   552
<(28,35) (29,36)>   553
<(29,0) (28,36)>   554

<(30,0) (31,1)>   555
<(30,1) (31,2)>   556
<(30,2) (31,3)>   557
<(30,3) (31,4)>   558
<(30,4) (31,5)>   559
<(30,5) (31,6)>   560
<(30,6) (31,7)>   561
<(30,7) (31,8)>   562
<(30,8) (31,9)>   563
<(30,9) (31,10)>   564
<(30,10) (31,11)>   565
<(30,11) (31,12)>   566
<(30,12) (31,13)>   567
<(30,13) (31,14)>   568
<(30,14) (31,15)>   569
<(30,15) (31,16)>   570
<(30,16) (31,17)>   571
<(30,17) (31,18)>   572
<(30,18) (31,19)>   573
<(30,19) (31,20)>   574
<(30,20) (31,21)>   575
<(30,21) (31,22)>   576
<(30,22) (31,23)>   577
<(30,23) (31,24)>   578
<(30,24) (31,25)>   579
<(30,25) (31,26)>   580
<(30,26) (31,27)>   581
<(30,27) (31,28)>   582
<(30,28) (31,29)>   583
<(30,29) (31,30)>   584
<(30,30) (31,31)>   585
<(30,31) (31,32)>   586
<(30,32) (31,33)>   587
<(30,33) (31,34)>   588
<(30,34) (31,35)>   589
<(30,35) (31,36)>   590
<(31,0) (30,36)>   591

<(32,0) (33,1)>   592
<(32,1) (33,2)>   593
<(32,2) (33,3)>   594
<(32,3) (33,4)>   595
<(32,4) (33,5)>   596
<(32,5) (33,6)>   597
<(32,6) (33,7)>   598
<(32,7) (33,8)>   599
<(32,8) (33,9)>   600
<(32,9) (33,10)>   601
<(32,10) (33,11)>   602
<(32,11) (33,12)>   603
<(32,12) (33,13)>   604
<(32,13) (33,14)>   605
<(32,14) (33,15)>   606
<(32,15) (33,16)>   607
<(32,16) (33,17)>   608
<(32,17) (33,18)>   609
<(32,18) (33,19)>   610
<(32,19) (33,20)>   611
<(32,20) (33,21)>   612
<(32,21) (33,22)>   613
<(32,22) (33,23)>   614
<(32,23) (33,24)>   615
<(32,24) (33,25)>   616
<(32,25) (33,26)>   617
<(32,26) (33,27)>   618
<(32,27) (33,28)>   619
<(32,28) (33,29)>   620
<(32,29) (33,30)>   621
<(32,30) (33,31)>   622
<(32,31) (33,32)>   623
<(32,32) (33,33)>   624
<(32,33) (33,34)>   625
<(32,34) (33,35)>   626
<(32,35) (33,36)>   627
<(33,0) (32,36)>   628

<(34,0) (35,1)>   629
<(35,0) (36,1)>   630
<(34,1) (36,0)>   631

<(34,2) (35,3)>   632
<(35,2) (36,3)>   633
<(34,3) (36,2)>   634

<(34,4) (35,5)>   635
<(35,4) (36,5)>   636
<(34,5) (36,4)>   637

<(34,6) (35,7)>   638
<(35,6) (36,7)>   639
<(34,7) (36,6)>   640

<(34,8) (35,9)>   641
<(35,8) (36,9)>   642
<(34,9) (36,8)>   643

<(34,10) (35,11)>   644
<(35,10) (36,11)>   645
<(34,11) (36,10)>   646

<(34,12) (35,13)>   647
<(35,12) (36,13)>   648
<(34,13) (36,12)>   649

<(34,14) (35,15)>   650
<(35,14) (36,15)>   651
<(34,15) (36,14)>   652

<(34,16) (35,17)>   653
<(35,16) (36,17)>   654
<(34,17) (36,16)>   655

<(34,18) (35,19)>   656
<(35,18) (36,19)>   657
<(34,19) (36,18)>   658

<(34,20) (35,21)>   659
<(35,20) (36,21)>   660
<(34,21) (36,20)>   661

<(34,22) (35,23)>   662
<(35,22) (36,23)>   663
<(34,23) (36,22)>   664

<(34,24) (35,25)>   665
<(35,24) (36,25)>   666
<(34,25) (36,24)>   667

<(34,26) (35,27)>   668
<(35,26) (36,27)>   669
<(34,27) (36,26)>   670

<(34,28) (35,29)>   671
<(35,28) (36,29)>   672
<(34,29) (36,28)>   673

<(34,30) (35,31)>   674
<(35,30) (36,31)>   675
<(34,31) (36,30)>   676

<(34,32) (35,33)>   677
<(35,32) (36,33)>   678
<(34,33) (36,32)>   679

<(34,34) (35,35)>   680
<(35,34) (36,35)>   681
<(34,35) (36,34)>   682
