
<(0,0) (0,1)>   0
<(0,2) (0,3)>   1
<(0,4) (0,5)>   2
<(0,6) (0,7)>   3
<(0,8) (0,9)>   4
<(0,10) (0,11)>   5
<(0,12) (0,13)>   6
<(0,14) (0,15)>   7
<(0,16) (0,17)>   8
<(0,18) (0,19)>   9
<(0,20) (0,21)>   10
<(0,22) (0,23)>   11
<(0,24) (0,25)>   12
<(0,26) (0,27)>   13
<(0,28) (0,29)>   14
<(0,30) (0,31)>   15
<(0,32) (0,33)>   16
<(0,34) (0,35)>   17

<(1,0) (1,1)>   18
<(1,2) (1,3)>   19
<(1,4) (1,5)>   20
<(1,6) (1,7)>   21
<(1,8) (1,9)>   22
<(1,10) (1,11)>   23
<(1,12) (1,13)>   24
<(1,14) (1,15)>   25
<(1,16) (1,17)>   26
<(1,18) (1,19)>   27
<(1,20) (1,21)>   28
<(1,22) (1,23)>   29
<(1,24) (1,25)>   30
<(1,26) (1,27)>   31
<(1,28) (1,29)>   32
<(1,30) (1,31)>   33
<(1,32) (1,33)>   34
<(1,34) (1,35)>   35

<(2,0) (2,1)>   36
<(2,2) (2,3)>   37
<(2,4) (2,5)>   38
<(2,6) (2,7)>   39
<(2,8) (2,9)>   40
<(2,10) (2,11)>   41
<(2,12) (2,13)>   42
<(2,14) (2,15)>   43
<(2,16) (2,17)>   44
<(2,18) (2,19)>   45
<(2,20) (2,21)>   46
<(2,22) (2,23)>   47
<(2,24) (2,25)>   48
<(2,26) (2,27)>   49
<(2,28) (2,29)>   50
<(2,30) (2,31)>   51
<(2,32) (2,33)>   52
<(2,34) (2,35)>   53

<(3,0) (3,1)>   54
<(3,2) (3,3)>   55
<(3,4) (3,5)>   56
<(3,6) (3,7)>   57
<(3,8) (3,9)>   58
<(3,10) (3,11)>   59
<(3,12) (3,13)>   60
<(3,14) (3,15)>   61
<(3,16) (3,17)>   62
<(3,18) (3,19)>   63
<(3,20) (3,21)>   64
<(3,22) (3,23)>   65
<(3,24) (3,25)>   66
<(3,26) (3,27)>   67
<(3,28) (3,29)>   68
<(3,30) (3,31)>   69
<(3,32) (3,33)>   70
<(3,34) (3,35)>   71

<(4,0) (4,1)>   72
<(4,2) (4,3)>   73
<(4,4) (4,5)>   74
<(4,6) (4,7)>   75
<(4,8) (4,9)>   76
<(4,10) (4,11)>   77
<(4,12) (4,13)>   78
<(4,14) (4,15)>   79
<(4,16) (4,17)>   80
<(4,18) (4,19)>   81
<(4,20) (4,21)>   82
<(4,22) (4,23)>   83
<(4,24) (4,25)>   84
<(4,26) (4,27)>   85
<(4,28) (4,29)>   86
<(4,30) (4,31)>   87
<(4,32) (4,33)>   88
<(4,34) (4,35)>   89

<(5,0) (5,1)>   90
<(5,2) (5,3)>   91
<(5,4) (5,5)>   92
<(5,6) (5,7)>   93
<(5,8) (5,9)>   94
<(5,10) (5,11)>   95
<(5,12) (5,13)>   96
<(5,14) (5,15)>   97
<(5,16) (5,17)>   98
<(5,18) (5,19)>   99
<(5,20) (5,21)>   100
<(5,22) (5,23)>   101
<(5,24) (5,25)>   102
<(5,26) (5,27)>   103
<(5,28) (5,29)>   104
<(5,30) (5,31)>   105
<(5,32) (5,33)>   106
<(5,34) (5,35)>   107

<(6,0) (6,1)>   108
<(6,2) (6,3)>   109
<(6,4) (6,5)>   110
<(6,6) (6,7)>   111
<(6,8) (6,9)>   112
<(6,10) (6,11)>   113
<(6,12) (6,13)>   114
<(6,14) (6,15)>   115
<(6,16) (6,17)>   116
<(6,18) (6,19)>   117
<(6,20) (6,21)>   118
<(6,22) (6,23)>   119
<(6,24) (6,25)>   120
<(6,26) (6,27)>   121
<(6,28) (6,29)>   122
<(6,30) (6,31)>   123
<(6,32) (6,33)>   124
<(6,34) (6,35)>   125

<(7,0) (7,1)>   126
<(7,2) (7,3)>   127
<(7,4) (7,5)>   128
<(7,6) (7,7)>   129
<(7,8) (7,9)>   130
<(7,10) (7,11)>   131
<(7,12) (7,13)>   132
<(7,14) (7,15)>   133
<(7,16) (7,17)>   134
<(7,18) (7,19)>   135
<(7,20) (7,21)>   136
<(7,22) (7,23)>   137
<(7,24) (7,25)>   138
<(7,26) (7,27)>   139
<(7,28) (7,29)>   140
<(7,30) (7,31)>   141
<(7,32) (7,33)>   142
<(7,34) (7,35)>   143

<(8,0) (8,1)>   144
<(8,2) (8,3)>   145
<(8,4) (8,5)>   146
<(8,6) (8,7)>   147
<(8,8) (8,9)>   148
<(8,10) (8,11)>   149
<(8,12) (8,13)>   150
<(8,14) (8,15)>   151
<(8,16) (8,17)>   152
<(8,18) (8,19)>   153
<(8,20) (8,21)>   154
<(8,22) (8,23)>   155
<(8,24) (8,25)>   156
<(8,26) (8,27)>   157
<(8,28) (8,29)>   158
<(8,30) (8,31)>   159
<(8,32) (8,33)>   160
<(8,34) (8,35)>   161

<(9,0) (9,1)>   162
<(9,2) (9,3)>   163
<(9,4) (9,5)>   164
<(9,6) (9,7)>   165
<(9,8) (9,9)>   166
<(9,10) (9,11)>   167
<(9,12) (9,13)>   168
<(9,14) (9,15)>   169
<(9,16) (9,17)>   170
<(9,18) (9,19)>   171
<(9,20) (9,21)>   172
<(9,22) (9,23)>   173
<(9,24) (9,25)>   174
<(9,26) (9,27)>   175
<(9,28) (9,29)>   176
<(9,30) (9,31)>   177
<(9,32) (9,33)>   178
<(9,34) (9,35)>   179

<(10,0) (10,1)>   180
<(10,2) (10,3)>   181
<(10,4) (10,5)>   182
<(10,6) (10,7)>   183
<(10,8) (10,9)>   184
<(10,10) (10,11)>   185
<(10,12) (10,13)>   186
<(10,14) (10,15)>   187
<(10,16) (10,17)>   188
<(10,18) (10,19)>   189
<(10,20) (10,21)>   190
<(10,22) (10,23)>   191
<(10,24) (10,25)>   192
<(10,26) (10,27)>   193
<(10,28) (10,29)>   194
<(10,30) (10,31)>   195
<(10,32) (10,33)>   196
<(10,34) (10,35)>   197

<(11,0) (11,1)>   198
<(11,2) (11,3)>   199
<(11,4) (11,5)>   200
<(11,6) (11,7)>   201
<(11,8) (11,9)>   202
<(11,10) (11,11)>   203
<(11,12) (11,13)>   204
<(11,14) (11,15)>   205
<(11,16) (11,17)>   206
<(11,18) (11,19)>   207
<(11,20) (11,21)>   208
<(11,22) (11,23)>   209
<(11,24) (11,25)>   210
<(11,26) (11,27)>   211
<(11,28) (11,29)>   212
<(11,30) (11,31)>   213
<(11,32) (11,33)>   214
<(11,34) (11,35)>   215

<(12,0) (12,1)>   216
<(12,2) (12,3)>   217
<(12,4) (12,5)>   218
<(12,6) (12,7)>   219
<(12,8) (12,9)>   220
<(12,10) (12,11)>   221
<(12,12) (12,13)>   222
<(12,14) (12,15)>   223
<(12,16) (12,17)>   224
<(12,18) (12,19)>   225
<(12,20) (12,21)>   226
<(12,22) (12,23)>   227
<(12,24) (12,25)>   228
<(12,26) (12,27)>   229
<(12,28) (12,29)>   230
<(12,30) (12,31)>   231
<(12,32) (12,33)>   232
<(12,34) (12,35)>   233

<(13,0) (13,1)>   234
<(13,2) (13,3)>   235
<(13,4) (13,5)>   236
<(13,6) (13,7)>   237
<(13,8) (13,9)>   238
<(13,10) (13,11)>   239
<(13,12) (13,13)>   240
<(13,14) (13,15)>   241
<(13,16) (13,17)>   242
<(13,18) (13,19)>   243
<(13,20) (13,21)>   244
<(13,22) (13,23)>   245
<(13,24) (13,25)>   246
<(13,26) (13,27)>   247
<(13,28) (13,29)>   248
<(13,30) (13,31)>   249
<(13,32) (13,33)>   250
<(13,34) (13,35)>   251

<(14,0) (14,1)>   252
<(14,2) (14,3)>   253
<(14,4) (14,5)>   254
<(14,6) (14,7)>   255
<(14,8) (14,9)>   256
<(14,10) (14,11)>   257
<(14,12) (14,13)>   258
<(14,14) (14,15)>   259
<(14,16) (14,17)>   260
<(14,18) (14,19)>   261
<(14,20) (14,21)>   262
<(14,22) (14,23)>   263
<(14,24) (14,25)>   264
<(14,26) (14,27)>   265
<(14,28) (14,29)>   266
<(14,30) (14,31)>   267
<(14,32) (14,33)>   268
<(14,34) (14,35)>   269

<(15,0) (15,1)>   270
<(15,2) (15,3)>   271
<(15,4) (15,5)>   272
<(15,6) (15,7)>   273
<(15,8) (15,9)>   274
<(15,10) (15,11)>   275
<(15,12) (15,13)>   276
<(15,14) (15,15)>   277
<(15,16) (15,17)>   278
<(15,18) (15,19)>   279
<(15,20) (15,21)>   280
<(15,22) (15,23)>   281
<(15,24) (15,25)>   282
<(15,26) (15,27)>   283
<(15,28) (15,29)>   284
<(15,30) (15,31)>   285
<(15,32) (15,33)>   286
<(15,34) (15,35)>   287

<(16,0) (16,1)>   288
<(16,2) (16,3)>   289
<(16,4) (16,5)>   290
<(16,6) (16,7)>   291
<(16,8) (16,9)>   292
<(16,10) (16,11)>   293
<(16,12) (16,13)>   294
<(16,14) (16,15)>   295
<(16,16) (16,17)>   296
<(16,18) (16,19)>   297
<(16,20) (16,21)>   298
<(16,22) (16,23)>   299
<(16,24) (16,25)>   300
<(16,26) (16,27)>   301
<(16,28) (16,29)>   302
<(16,30) (16,31)>   303
<(16,32) (16,33)>   304
<(16,34) (16,35)>   305

<(17,0) (17,1)>   306
<(17,2) (17,3)>   307
<(17,4) (17,5)>   308
<(17,6) (17,7)>   309
<(17,8) (17,9)>   310
<(17,10) (17,11)>   311
<(17,12) (17,13)>   312
<(17,14) (17,15)>   313
<(17,16) (17,17)>   314
<(17,18) (17,19)>   315
<(17,20) (17,21)>   316
<(17,22) (17,23)>   317
<(17,24) (17,25)>   318
<(17,26) (17,27)>   319
<(17,28) (17,29)>   320
<(17,30) (17,31)>   321
<(17,32) (17,33)>   322
<(17,34) (17,35)>   323

<(18,0) (18,1)>   324
<(18,2) (18,3)>   325
<(18,4) (18,5)>   326
<(18,6) (18,7)>   327
<(18,8) (18,9)>   328
<(18,10) (18,11)>   329
<(18,12) (18,13)>   330
<(18,14) (18,15)>   331
<(18,16) (18,17)>   332
<(18,18) (18,19)>   333
<(18,20) (18,21)>   334
<(18,22) (18,23)>   335
<(18,24) (18,25)>   336
<(18,26) (18,27)>   337
<(18,28) (18,29)>   338
<(18,30) (18,31)>   339
<(18,32) (18,33)>   340
<(18,34) (18,35)>   341

<(19,0) (19,1)>   342
<(19,2) (19,3)>   343
<(19,4) (19,5)>   344
<(19,6) (19,7)>   345
<(19,8) (19,9)>   346
<(19,10) (19,11)>   347
<(19,12) (19,13)>   348
<(19,14) (19,15)>   349
<(19,16) (19,17)>   350
<(19,18) (19,19)>   351
<(19,20) (19,21)>   352
<(19,22) (19,23)>   353
<(19,24) (19,25)>   354
<(19,26) (19,27)>   355
<(19,28) (19,29)>   356
<(19,30) (19,31)>   357
<(19,32) (19,33)>   358
<(19,34) (19,35)>   359

<(20,0) (20,1)>   360
<(20,2) (20,3)>   361
<(20,4) (20,5)>   362
<(20,6) (20,7)>   363
<(20,8) (20,9)>   364
<(20,10) (20,11)>   365
<(20,12) (20,13)>   366
<(20,14) (20,15)>   367
<(20,16) (20,17)>   368
<(20,18) (20,19)>   369
<(20,20) (20,21)>   370
<(20,22) (20,23)>   371
<(20,24) (20,25)>   372
<(20,26) (20,27)>   373
<(20,28) (20,29)>   374
<(20,30) (20,31)>   375
<(20,32) (20,33)>   376
<(20,34) (20,35)>   377

<(21,0) (21,1)>   378
<(21,2) (21,3)>   379
<(21,4) (21,5)>   380
<(21,6) (21,7)>   381
<(21,8) (21,9)>   382
<(21,10) (21,11)>   383
<(21,12) (21,13)>   384
<(21,14) (21,15)>   385
<(21,16) (21,17)>   386
<(21,18) (21,19)>   387
<(21,20) (21,21)>   388
<(21,22) (21,23)>   389
<(21,24) (21,25)>   390
<(21,26) (21,27)>   391
<(21,28) (21,29)>   392
<(21,30) (21,31)>   393
<(21,32) (21,33)>   394
<(21,34) (21,35)>   395

<(22,0) (22,1)>   396
<(22,2) (22,3)>   397
<(22,4) (22,5)>   398
<(22,6) (22,7)>   399
<(22,8) (22,9)>   400
<(22,10) (22,11)>   401
<(22,12) (22,13)>   402
<(22,14) (22,15)>   403
<(22,16) (22,17)>   404
<(22,18) (22,19)>   405
<(22,20) (22,21)>   406
<(22,22) (22,23)>   407
<(22,24) (22,25)>   408
<(22,26) (22,27)>   409
<(22,28) (22,29)>   410
<(22,30) (22,31)>   411
<(22,32) (22,33)>   412
<(22,34) (22,35)>   413

<(23,0) (23,1)>   414
<(23,2) (23,3)>   415
<(23,4) (23,5)>   416
<(23,6) (23,7)>   417
<(23,8) (23,9)>   418
<(23,10) (23,11)>   419
<(23,12) (23,13)>   420
<(23,14) (23,15)>   421
<(23,16) (23,17)>   422
<(23,18) (23,19)>   423
<(23,20) (23,21)>   424
<(23,22) (23,23)>   425
<(23,24) (23,25)>   426
<(23,26) (23,27)>   427
<(23,28) (23,29)>   428
<(23,30) (23,31)>   429
<(23,32) (23,33)>   430
<(23,34) (23,35)>   431

<(24,0) (24,1)>   432
<(24,2) (24,3)>   433
<(24,4) (24,5)>   434
<(24,6) (24,7)>   435
<(24,8) (24,9)>   436
<(24,10) (24,11)>   437
<(24,12) (24,13)>   438
<(24,14) (24,15)>   439
<(24,16) (24,17)>   440
<(24,18) (24,19)>   441
<(24,20) (24,21)>   442
<(24,22) (24,23)>   443
<(24,24) (24,25)>   444
<(24,26) (24,27)>   445
<(24,28) (24,29)>   446
<(24,30) (24,31)>   447
<(24,32) (24,33)>   448
<(24,34) (24,35)>   449

<(25,0) (25,1)>   450
<(25,2) (25,3)>   451
<(25,4) (25,5)>   452
<(25,6) (25,7)>   453
<(25,8) (25,9)>   454
<(25,10) (25,11)>   455
<(25,12) (25,13)>   456
<(25,14) (25,15)>   457
<(25,16) (25,17)>   458
<(25,18) (25,19)>   459
<(25,20) (25,21)>   460
<(25,22) (25,23)>   461
<(25,24) (25,25)>   462
<(25,26) (25,27)>   463
<(25,28) (25,29)>   464
<(25,30) (25,31)>   465
<(25,32) (25,33)>   466
<(25,34) (25,35)>   467

<(26,0) (26,1)>   468
<(26,2) (26,3)>   469
<(26,4) (26,5)>   470
<(26,6) (26,7)>   471
<(26,8) (26,9)>   472
<(26,10) (26,11)>   473
<(26,12) (26,13)>   474
<(26,14) (26,15)>   475
<(26,16) (26,17)>   476
<(26,18) (26,19)>   477
<(26,20) (26,21)>   478
<(26,22) (26,23)>   479
<(26,24) (26,25)>   480
<(26,26) (26,27)>   481
<(26,28) (26,29)>   482
<(26,30) (26,31)>   483
<(26,32) (26,33)>   484
<(26,34) (26,35)>   485

<(27,0) (27,1)>   486
<(27,2) (27,3)>   487
<(27,4) (27,5)>   488
<(27,6) (27,7)>   489
<(27,8) (27,9)>   490
<(27,10) (27,11)>   491
<(27,12) (27,13)>   492
<(27,14) (27,15)>   493
<(27,16) (27,17)>   494
<(27,18) (27,19)>   495
<(27,20) (27,21)>   496
<(27,22) (27,23)>   497
<(27,24) (27,25)>   498
<(27,26) (27,27)>   499
<(27,28) (27,29)>   500
<(27,30) (27,31)>   501
<(27,32) (27,33)>   502
<(27,34) (27,35)>   503

<(28,0) (28,1)>   504
<(28,2) (28,3)>   505
<(28,4) (28,5)>   506
<(28,6) (28,7)>   507
<(28,8) (28,9)>   508
<(28,10) (28,11)>   509
<(28,12) (28,13)>   510
<(28,14) (28,15)>   511
<(28,16) (28,17)>   512
<(28,18) (28,19)>   513
<(28,20) (28,21)>   514
<(28,22) (28,23)>   515
<(28,24) (28,25)>   516
<(28,26) (28,27)>   517
<(28,28) (28,29)>   518
<(28,30) (28,31)>   519
<(28,32) (28,33)>   520
<(28,34) (28,35)>   521

<(29,0) (29,1)>   522
<(29,2) (29,3)>   523
<(29,4) (29,5)>   524
<(29,6) (29,7)>   525
<(29,8) (29,9)>   526
<(29,10) (29,11)>   527
<(29,12) (29,13)>   528
<(29,14) (29,15)>   529
<(29,16) (29,17)>   530
<(29,18) (29,19)>   531
<(29,20) (29,21)>   532
<(29,22) (29,23)>   533
<(29,24) (29,25)>   534
<(29,26) (29,27)>   535
<(29,28) (29,29)>   536
<(29,30) (29,31)>   537
<(29,32) (29,33)>   538
<(29,34) (29,35)>   539

<(30,0) (30,1)>   540
<(30,2) (30,3)>   541
<(30,4) (30,5)>   542
<(30,6) (30,7)>   543
<(30,8) (30,9)>   544
<(30,10) (30,11)>   545
<(30,12) (30,13)>   546
<(30,14) (30,15)>   547
<(30,16) (30,17)>   548
<(30,18) (30,19)>   549
<(30,20) (30,21)>   550
<(30,22) (30,23)>   551
<(30,24) (30,25)>   552
<(30,26) (30,27)>   553
<(30,28) (30,29)>   554
<(30,30) (30,31)>   555
<(30,32) (30,33)>   556
<(30,34) (30,35)>   557

<(31,0) (31,1)>   558
<(31,2) (31,3)>   559
<(31,4) (31,5)>   560
<(31,6) (31,7)>   561
<(31,8) (31,9)>   562
<(31,10) (31,11)>   563
<(31,12) (31,13)>   564
<(31,14) (31,15)>   565
<(31,16) (31,17)>   566
<(31,18) (31,19)>   567
<(31,20) (31,21)>   568
<(31,22) (31,23)>   569
<(31,24) (31,25)>   570
<(31,26) (31,27)>   571
<(31,28) (31,29)>   572
<(31,30) (31,31)>   573
<(31,32) (31,33)>   574
<(31,34) (31,35)>   575

<(32,0) (32,1)>   576
<(32,2) (32,3)>   577
<(32,4) (32,5)>   578
<(32,6) (32,7)>   579
<(32,8) (32,9)>   580
<(32,10) (32,11)>   581
<(32,12) (32,13)>   582
<(32,14) (32,15)>   583
<(32,16) (32,17)>   584
<(32,18) (32,19)>   585
<(32,20) (32,21)>   586
<(32,22) (32,23)>   587
<(32,24) (32,25)>   588
<(32,26) (32,27)>   589
<(32,28) (32,29)>   590
<(32,30) (32,31)>   591
<(32,32) (32,33)>   592
<(32,34) (32,35)>   593

<(33,0) (33,1)>   594
<(33,2) (33,3)>   595
<(33,4) (33,5)>   596
<(33,6) (33,7)>   597
<(33,8) (33,9)>   598
<(33,10) (33,11)>   599
<(33,12) (33,13)>   600
<(33,14) (33,15)>   601
<(33,16) (33,17)>   602
<(33,18) (33,19)>   603
<(33,20) (33,21)>   604
<(33,22) (33,23)>   605
<(33,24) (33,25)>   606
<(33,26) (33,27)>   607
<(33,28) (33,29)>   608
<(33,30) (33,31)>   609
<(33,32) (33,33)>   610
<(33,34) (33,35)>   611

<(34,0) (34,1)>   612
<(34,2) (34,3)>   613
<(34,4) (34,5)>   614
<(34,6) (34,7)>   615
<(34,8) (34,9)>   616
<(34,10) (34,11)>   617
<(34,12) (34,13)>   618
<(34,14) (34,15)>   619
<(34,16) (34,17)>   620
<(34,18) (34,19)>   621
<(34,20) (34,21)>   622
<(34,22) (34,23)>   623
<(34,24) (34,25)>   624
<(34,26) (34,27)>   625
<(34,28) (34,29)>   626
<(34,30) (34,31)>   627
<(34,32) (34,33)>   628
<(34,34) (34,35)>   629

<(35,0) (35,1)>   630
<(35,2) (35,3)>   631
<(35,4) (35,5)>   632
<(35,6) (35,7)>   633
<(35,8) (35,9)>   634
<(35,10) (35,11)>   635
<(35,12) (35,13)>   636
<(35,14) (35,15)>   637
<(35,16) (35,17)>   638
<(35,18) (35,19)>   639
<(35,20) (35,21)>   640
<(35,22) (35,23)>   641
<(35,24) (35,25)>   642
<(35,26) (35,27)>   643
<(35,28) (35,29)>   644
<(35,30) (35,31)>   645
<(35,32) (35,33)>   646
<(35,34) (35,35)>   647

<(36,0) (36,1)>   648
<(36,2) (36,3)>   649
<(36,4) (36,5)>   650
<(36,6) (36,7)>   651
<(36,8) (36,9)>   652
<(36,10) (36,11)>   653
<(36,12) (36,13)>   654
<(36,14) (36,15)>   655
<(36,16) (36,17)>   656
<(36,18) (36,19)>   657
<(36,20) (36,21)>   658
<(36,22) (36,23)>   659
<(36,24) (36,25)>   660
<(36,26) (36,27)>   661
<(36,28) (36,29)>   662
<(36,30) (36,31)>   663
<(36,32) (36,33)>   664
<(36,34) (36,35)>   665

<(0,36) (1,36)>   666
<(2,36) (3,36)>   667
<(4,36) (5,36)>   668
<(6,36) (7,36)>   669
<(8,36) (9,36)>   670
<(10,36) (11,36)>   671
<(12,36) (13,36)>   672
<(14,36) (15,36)>   673
<(16,36) (17,36)>   674
<(18,36) (19,36)>   675
<(20,36) (21,36)>   676
<(22,36) (23,36)>   677
<(24,36) (25,36)>   678
<(26,36) (27,36)>   679
<(28,36) (29,36)>   680
<(30,36) (31,36)>   681
<(32,36) (33,36)>   682
<(34,36) (35,36)>   683